[gd_scene load_steps=8 format=2]

[ext_resource path="res://Models/Human/Idle.anim" type="Animation" id=1]
[ext_resource path="res://Models/Human/Hook.anim" type="Animation" id=2]
[ext_resource path="res://Models/Human/Run.anim" type="Animation" id=3]
[ext_resource path="res://Models/Human/HumanMesh.mesh" type="ArrayMesh" id=4]
[ext_resource path="res://Models/Human/Human.gd" type="Script" id=5]

[sub_resource type="Skin" id=1]
resource_name = "Skin"
bind_count = 10
bind/0/bone = 0
bind/0/pose = Transform( 0.556647, 0.0391462, 0.829826, -0.0257472, 0.999222, -0.0298661, -0.83035, -0.00474087, 0.557222, -0.231143, -5.90001, 0.027993 )
bind/1/bone = 1
bind/1/pose = Transform( 5.40525e-08, 1.21827e-07, -1, -0.998939, -0.0460444, -3.37159e-08, -0.0460443, 0.99894, 8.42186e-08, -0.0777455, 0.324688, -8.49975 )
bind/2/bone = 2
bind/2/pose = Transform( 2.22045e-15, -1.42109e-14, -1, -1, -8.19564e-08, 2.42502e-08, -3.72529e-09, 1, -3.61456e-08, -0.0777445, -1.91543, -8.42048 )
bind/3/bone = 3
bind/3/pose = Transform( -7.35118e-09, 3.21674e-07, 1, 0.997558, -0.0698504, 5.6011e-08, 0.0698505, 0.997558, -3.73254e-07, 0.0777417, 0.660984, -8.48023 )
bind/4/bone = 4
bind/4/pose = Transform( -1.77636e-15, -2.84217e-14, 1, 1, 9.68576e-08, 2.24511e-08, 7.45058e-09, 1, -5.45802e-08, 0.0777443, -2.00693, -8.36046 )
bind/5/bone = 5
bind/5/pose = Transform( -1.71667e-05, -1.13089e-09, 1, 0.00793632, 0.999969, 9.36256e-08, -0.999968, 0.00793626, -1.71361e-05, 0.0777433, -8.50488, -0.134525 )
bind/6/bone = 6
bind/6/pose = Transform( 2.56016e-07, 1.74925e-08, -1, -0.403104, -0.915154, -1.10881e-07, -0.915154, 0.403104, -3.25661e-07, -1.12859e-07, 5.40362, -2.38017 )
bind/7/bone = 7
bind/7/pose = Transform( 6.13061e-07, 3.88169e-08, -1, -0.153985, -0.988073, -9.93778e-08, -0.988073, 0.153985, -6.92731e-07, 1.88751e-07, 3.30655, -1.58245 )
bind/8/bone = 8
bind/8/pose = Transform( 3.98089e-07, 1.06722e-07, 1, 0.462307, -0.88672, -1.06722e-07, 0.88672, 0.462307, -3.98089e-07, -6.20577e-07, 5.23573, -2.72974 )
bind/9/bone = 9
bind/9/pose = Transform( 1.20985e-06, 1.49083e-08, 1, 0.122448, -0.992475, -1.51052e-07, 0.992475, 0.122448, -1.20466e-06, -1.31489e-06, 3.32432, -1.67126 )

[sub_resource type="CylinderShape" id=2]
radius = 0.204996
height = 1.29137

[node name="Human" type="KinematicBody"]
collision_layer = 4
collision_mask = 4
script = ExtResource( 5 )

[node name="Skeleton" type="Skeleton" parent="."]
transform = Transform( 0.1, 0, 0, 0, 0.1, 0, 0, 0, 0.1, 0, 0.54911, 0 )
bones/0/name = "bone"
bones/0/parent = -1
bones/0/rest = Transform( 0.556647, -0.0257472, -0.83035, 0.0391462, 0.999222, -0.00474082, 0.829826, -0.0298661, 0.557222, 1.3099e-07, -0.0712444, 5.13409e-08 )
bones/0/enabled = true
bones/0/bound_children = [  ]
bones/1/name = "bone_1"
bones/1/parent = 0
bones/1/rest = Transform( -0.829826, -0.55786, 0.0134742, 0.0298661, -0.0202889, 0.999348, -0.557222, 0.829687, 0.0334973, -9.77889e-09, 2.6031, 3.57977e-09 )
bones/1/enabled = true
bones/1/bound_children = [  ]
bones/2/name = "bone_9"
bones/2/parent = 1
bones/2/rest = Transform( 0.450476, 0.793854, -0.408493, 0.118319, 0.400427, 0.908658, 0.884913, -0.457661, 0.0864549, 8.02513e-09, 1.85037, -4.38004e-08 )
bones/2/enabled = true
bones/2/bound_children = [  ]
bones/3/name = "bone_2"
bones/3/parent = 0
bones/3/rest = Transform( 0.829826, 0.552553, 0.0779324, -0.0298658, -0.0954803, 0.994983, 0.557222, -0.827991, -0.0627296, -9.77889e-09, 2.6031, 3.57977e-09 )
bones/3/enabled = true
bones/3/bound_children = [  ]
bones/4/name = "bone_8"
bones/4/parent = 3
bones/4/rest = Transform( 0.53079, 0.831695, -0.16293, -0.264409, 0.34516, 0.900529, 0.805202, -0.434912, 0.403115, -7.64416e-09, 2.07903, 1.92931e-07 )
bones/4/enabled = true
bones/4/bound_children = [  ]
bones/5/name = "bone_3"
bones/5/parent = 0
bones/5/rest = Transform( 0.829817, 0.0435628, -0.556333, -0.0298656, 0.998986, 0.033677, 0.557237, -0.0113305, 0.830276, -9.77889e-09, 2.6031, 3.57977e-09 )
bones/5/enabled = true
bones/5/bound_children = [  ]
bones/6/name = "bone_4"
bones/6/parent = -1
bones/6/rest = Transform( 4.76837e-07, -0.403104, -0.915154, 8.9407e-08, -0.915154, 0.403104, -1, -2.38419e-07, -2.38419e-07, 0, -0.0712445, -9.57232e-09 )
bones/6/enabled = true
bones/6/bound_children = [  ]
bones/7/name = "bone_5"
bones/7/parent = 6
bones/7/rest = Transform( 0.755295, -0.647568, 0.10092, 0.599778, 0.74504, 0.29186, -0.264189, -0.159911, 0.951122, 3.81917e-14, 2.61575, 2.23518e-08 )
bones/7/enabled = true
bones/7/bound_children = [  ]
bones/8/name = "bone_6"
bones/8/parent = -1
bones/8/rest = Transform( 2.38419e-07, 0.462307, 0.88672, 1.63913e-07, -0.88672, 0.462307, 1, 4.47035e-08, -2.38419e-07, 1.12846e-07, -0.0712444, 3.75941e-08 )
bones/8/enabled = true
bones/8/bound_children = [  ]
bones/9/name = "bone_7"
bones/9/parent = 8
bones/9/rest = Transform( 0.755121, -0.650652, 0.0802748, 0.581321, 0.721151, 0.376839, -0.303081, -0.237893, 0.922794, 1.59872e-14, 2.70734, 1.1176e-08 )
bones/9/enabled = true
bones/9/bound_children = [  ]

[node name="HumanMesh" type="MeshInstance" parent="Skeleton"]
mesh = ExtResource( 4 )
skin = SubResource( 1 )
material/0 = null

[node name="AnimationPlayer" type="AnimationPlayer" parent="."]
anims/Hook = ExtResource( 2 )
anims/Idle = ExtResource( 1 )
anims/Run = ExtResource( 3 )

[node name="CollisionShape" type="CollisionShape" parent="."]
transform = Transform( 1, 0, 0, 0, 1, 0, 0, 0, 1, 0, 0.617191, 0 )
shape = SubResource( 2 )
